version https://git-lfs.github.com/spec/v1
oid sha256:16a0d1e5f101bfb630ef0b52c1aa00a272b777cbd73680d54e33aa06491e7806
size 147478
